[
  [
    0,
    null,
    0,
    34,
    32,
    100,
    590,
    590,
    500,
    0,
    0,
    0,
    1,
    0,
    1,
    554,
    581,
    500,
    null,
    0,
    22,
    32,
    100,
    605,
    605,
    500,
    0,
    0,
    0,
    1,
    0,
    2,
    593,
    464,
    500,
    null,
    0,
    31,
    32,
    100,
    590,
    590,
    500,
    0,
    0,
    0,
    1,
    0,
    3,
    557,
    345,
    500,
    null,
    0,
    25,
    30,
    100,
    640,
    640,
    500,
    0,
    0,
    0,
    1,
    0,
    4,
    458,
    271,
    500,
    null,
    0,
    30,
    28,
    100,
    640,
    640,
    500,
    0,
    0,
    0,
    1,
    0,
    5,
    335,
    269,
    500,
    null,
    0,
    35,
    32,
    100,
    665,
    665,
    500,
    0,
    0,
    0,
    1,
    0,
    6,
    14500,
    14511,
    500,
    null,
    0,
    30,
    32,
    100,
    625,
    625,
    500,
    0,
    0,
    0,
    1,
    0,
    7,
    14539,
    14394,
    500,
    null,
    0,
    22,
    30,
    100,
    590,
    590,
    500,
    0,
    0,
    0,
    1,
    0,
    8,
    14503,
    14275,
    500,
    null,
    0,
    23,
    30,
    100,
    600,
    600,
    500,
    0,
    0,
    0,
    1,
    0,
    9,
    14404,
    14201,
    500,
    null,
    0,
    43,
    32,
    100,
    670,
    670,
    500,
    0,
    0,
    0,
    1,
    0,
    10,
    14281,
    14199,
    500
  ],
  [
    60009,
    null,
    0,
    34,
    32,
    113,
    680,
    680,
    0,
    0,
    0,
    0,
    1,
    0,
    1,
    1651,
    6564,
    500,
    null,
    9,
    22,
    32,
    110,
    605,
    605,
    0,
    0,
    0,
    0,
    1,
    0,
    2,
    5011,
    8719,
    500,
    null,
    0,
    31,
    32,
    103,
    765,
    765,
    0,
    0,
    0,
    0,
    1,
    0,
    3,
    7372,
    5858,
    500,
    null,
    0,
    25,
    30,
    113,
    785,
    785,
    0,
    0,
    0,
    0,
    1,
    0,
    4,
    7462,
    4944,
    500,
    null,
    0,
    30,
    28,
    100,
    735,
    735,
    0,
    0,
    0,
    0,
    1,
    0,
    5,
    10340,
    2825,
    500,
    null,
    0,
    35,
    32,
    110,
    785,
    785,
    0,
    0,
    0,
    0,
    1,
    0,
    6,
    4373,
    11736,
    500,
    null,
    0,
    30,
    32,
    103,
    635,
    635,
    50,
    0,
    0,
    0,
    1,
    0,
    7,
    8664,
    7927,
    500,
    null,
    0,
    27,
    35,
    100,
    735,
    735,
    0,
    0,
    0,
    0,
    1,
    0,
    8,
    8959,
    6733,
    500,
    null,
    27,
    23,
    30,
    110,
    755,
    755,
    0,
    0,
    0,
    0,
    1,
    0,
    9,
    12203,
    4752,
    500,
    null,
    0,
    43,
    32,
    100,
    670,
    670,
    0,
    0,
    0,
    0,
    1,
    0,
    10,
    13429,
    7904,
    500
  ],
  [
    120016,
    null,
    0,
    34,
    32,
    113,
    586,
    680,
    118,
    934,
    207,
    0,
    1,
    4,
    1,
    2181,
    12958,
    618,
    null,
    9,
    25,
    33,
    111,
    479,
    680,
    126,
    3767,
    0,
    4,
    2,
    0,
    2,
    2604,
    8391,
    626,
    null,
    0,
    31,
    32,
    108,
    614,
    765,
    104,
    417,
    0,
    0,
    1,
    3,
    3,
    6170,
    6458,
    604,
    null,
    0,
    25,
    30,
    122,
    600,
    785,
    123,
    1115,
    132,
    0,
    1,
    4,
    4,
    12824,
    2836,
    623,
    null,
    0,
    41,
    39,
    120,
    445,
    735,
    69,
    429,
    191,
    0,
    1,
    0,
    5,
    13200,
    3465,
    569,
    null,
    0,
    35,
    32,
    110,
    632,
    785,
    104,
    526,
    107,
    0,
    1,
    3,
    6,
    3196,
    13142,
    604,
    null,
    0,
    33,
    33,
    159,
    425,
    713,
    181,
    3781,
    0,
    4,
    2,
    0,
    7,
    6534,
    12290,
    631,
    null,
    0,
    22,
    30,
    100,
    738,
    738,
    146,
    1256,
    218,
    0,
    1,
    6,
    8,
    6890,
    6769,
    646,
    null,
    27,
    20,
    27,
    110,
    516,
    755,
    62,
    566,
    218,
    0,
    1,
    1,
    9,
    13413,
    3338,
    562,
    null,
    0,
    40,
    29,
    100,
    606,
    670,
    69,
    245,
    245,
    0,
    1,
    0,
    10,
    13486,
    3436,
    569
  ],
  [
    180017,
    null,
    0,
    40,
    35,
    117,
    853,
    853,
    423,
    3323,
    906,
    0,
    3,
    15,
    1,
    3058,
    13594,
    923,
    null,
    9,
    28,
    34,
    113,
    621,
    759,
    514,
    12219,
    0,
    16,
    3,
    0,
    2,
    8218,
    3505,
    1014,
    null,
    0,
    37,
    35,
    106,
    132,
    950,
    388,
    2983,
    621,
    0,
    3,
    12,
    3,
    6245,
    6434,
    888,
    null,
    0,
    28,
    30,
    114,
    757,
    858,
    426,
    2837,
    248,
    0,
    2,
    15,
    4,
    12590,
    2669,
    931,
    null,
    0,
    38,
    33,
    121,
    707,
    815,
    264,
    562,
    264,
    0,
    2,
    0,
    5,
    13512,
    2742,
    764,
    null,
    0,
    42,
    35,
    113,
    383,
    995,
    353,
    1252,
    107,
    0,
    3,
    10,
    6,
    3890,
    13961,
    853,
    null,
    0,
    36,
    35,
    107,
    793,
    795,
    593,
    13946,
    0,
    16,
    3,
    0,
    7,
    11305,
    6797,
    1043,
    null,
    0,
    35,
    37,
    104,
    345,
    919,
    430,
    3953,
    1176,
    0,
    3,
    15,
    8,
    7166,
    7214,
    930,
    null,
    27,
    26,
    30,
    111,
    663,
    827,
    381,
    1741,
    277,
    0,
    2,
    12,
    9,
    13209,
    3443,
    881,
    null,
    0,
    44,
    31,
    101,
    712,
    749,
    240,
    653,
    245,
    0,
    2,
    2,
    10,
    13632,
    2982,
    740
  ],
  [
    240028,
    null,
    0,
    43,
    36,
    121,
    840,
    945,
    818,
    7419,
    1255,
    0,
    4,
    28,
    1,
    3118,
    13611,
    1318,
    null,
    9,
    32,
    35,
    116,
    618,
    842,
    870,
    17321,
    836,
    24,
    4,
    2,
    2,
    10717,
    2175,
    1370,
    null,
    0,
    41,
    36,
    112,
    316,
    1054,
    664,
    4779,
    772,
    0,
    4,
    19,
    3,
    5960,
    6169,
    1164,
    null,
    0,
    31,
    31,
    115,
    935,
    935,
    165,
    3905,
    668,
    0,
    3,
    19,
    4,
    7660,
    1307,
    1170,
    null,
    0,
    36,
    30,
    102,
    337,
    897,
    492,
    1339,
    1040,
    0,
    3,
    0,
    5,
    10829,
    2417,
    992,
    null,
    0,
    46,
    36,
    114,
    610,
    1091,
    664,
    2761,
    445,
    0,
    4,
    18,
    6,
    3919,
    13777,
    1164,
    null,
    0,
    39,
    36,
    110,
    256,
    880,
    985,
    16761,
    387,
    24,
    4,
    1,
    7,
    13111,
    1940,
    1440,
    null,
    0,
    39,
    38,
    106,
    505,
    1043,
    783,
    8037,
    1609,
    0,
    4,
    26,
    8,
    6844,
    6842,
    1283,
    null,
    27,
    29,
    31,
    113,
    408,
    902,
    990,
    3862,
    1418,
    0,
    3,
    20,
    9,
    12977,
    3331,
    1490,
    null,
    0,
    49,
    35,
    103,
    433,
    832,
    546,
    1308,
    777,
    0,
    3,
    3,
    10,
    11556,
    3037,
    1046
  ],
  [
    300050,
    null,
    0,
    46,
    38,
    123,
    0,
    1041,
    1060,
    9857,
    2630,
    0,
    5,
    34,
    1,
    1509,
    12834,
    1560,
    null,
    22,
    32,
    35,
    116,
    795,
    842,
    1196,
    21328,
    1142,
    32,
    4,
    5,
    2,
    2275,
    13068,
    1696,
    null,
    0,
    45,
    38,
    110,
    597,
    1163,
    194,
    7083,
    1594,
    0,
    5,
    22,
    3,
    6252,
    7015,
    1694,
    null,
    0,
    34,
    32,
    118,
    612,
    1016,
    435,
    6059,
    1092,
    0,
    4,
    28,
    4,
    10940,
    1901,
    1440,
    null,
    0,
    36,
    30,
    102,
    900,
    900,
    288,
    1664,
    1087,
    0,
    3,
    2,
    5,
    4269,
    1532,
    1163,
    null,
    0,
    51,
    38,
    116,
    147,
    1221,
    1049,
    4667,
    1312,
    0,
    5,
    24,
    6,
    3177,
    13528,
    1549,
    null,
    0,
    39,
    36,
    177,
    425,
    1030,
    712,
    21041,
    1323,
    28,
    4,
    1,
    7,
    1708,
    12975,
    1992,
    null,
    0,
    43,
    40,
    109,
    879,
    1328,
    276,
    12505,
    2684,
    0,
    5,
    36,
    8,
    7339,
    7186,
    1926,
    null,
    62,
    32,
    32,
    114,
    847,
    1031,
    274,
    4756,
    1852,
    0,
    4,
    26,
    9,
    12274,
    2143,
    1749,
    null,
    0,
    53,
    36,
    105,
    648,
    919,
    81,
    1611,
    996,
    0,
    4,
    3,
    10,
    14274,
    14259,
    1231
  ],
  [
    360083,
    null,
    0,
    50,
    40,
    126,
    1138,
    1140,
    282,
    11311,
    2630,
    0,
    6,
    44,
    1,
    1207,
    12161,
    1857,
    null,
    55,
    35,
    36,
    118,
    979,
    979,
    173,
    26047,
    1593,
    36,
    5,
    5,
    2,
    4179,
    9563,
    1923,
    null,
    0,
    49,
    40,
    120,
    156,
    1272,
    777,
    10795,
    3419,
    0,
    6,
    30,
    3,
    5813,
    6370,
    2277,
    null,
    0,
    34,
    32,
    118,
    969,
    1016,
    300,
    7843,
    1092,
    0,
    4,
    38,
    4,
    10753,
    1342,
    1730,
    null,
    1,
    39,
    32,
    104,
    857,
    982,
    428,
    2371,
    1188,
    0,
    4,
    2,
    5,
    4821,
    6423,
    1303,
    null,
    0,
    85,
    40,
    118,
    1305,
    1325,
    120,
    5483,
    1445,
    0,
    6,
    27,
    6,
    2348,
    12293,
    1870,
    null,
    0,
    42,
    38,
    116,
    1218,
    1218,
    218,
    27873,
    1958,
    32,
    5,
    4,
    7,
    6492,
    9609,
    2598,
    null,
    0,
    41,
    35,
    111,
    0,
    1428,
    594,
    15744,
    3265,
    0,
    6,
    47,
    8,
    7198,
    6751,
    2244,
    null,
    62,
    36,
    34,
    116,
    1114,
    1114,
    35,
    6862,
    2130,
    0,
    5,
    37,
    9,
    14230,
    13612,
    2060,
    null,
    0,
    53,
    36,
    105,
    210,
    919,
    217,
    1993,
    1378,
    0,
    4,
    3,
    10,
    8908,
    7978,
    1442
  ],
  [
    420170,
    null,
    0,
    50,
    40,
    127,
    839,
    1140,
    622,
    14549,
    3374,
    0,
    6,
    55,
    1,
    2417,
    13550,
    2202,
    null,
    59,
    35,
    36,
    118,
    38,
    979,
    366,
    35360,
    2574,
    40,
    5,
    5,
    2,
    6360,
    6398,
    2191,
    null,
    0,
    49,
    40,
    117,
    507,
    1278,
    271,
    13741,
    4778,
    2,
    6,
    31,
    3,
    7260,
    5099,
    2571,
    null,
    0,
    37,
    34,
    144,
    446,
    1100,
    654,
    11235,
    1765,
    0,
    5,
    49,
    4,
    13244,
    2804,
    2089,
    null,
    1,
    39,
    32,
    104,
    838,
    988,
    1172,
    3151,
    1583,
    0,
    4,
    3,
    5,
    7501,
    4774,
    2052,
    null,
    0,
    90,
    41,
    120,
    1034,
    1463,
    482,
    9299,
    2221,
    0,
    7,
    38,
    6,
    3973,
    13544,
    2232,
    null,
    0,
    42,
    38,
    119,
    0,
    1218,
    559,
    34599,
    3111,
    35,
    5,
    4,
    7,
    7471,
    5204,
    2939,
    null,
    0,
    41,
    35,
    111,
    814,
    1539,
    549,
    19093,
    4312,
    0,
    6,
    54,
    8,
    7404,
    6229,
    2749,
    null,
    62,
    36,
    34,
    116,
    429,
    1114,
    367,
    11071,
    2823,
    0,
    5,
    45,
    9,
    13502,
    3496,
    2392,
    null,
    0,
    53,
    36,
    105,
    800,
    919,
    286,
    2312,
    1697,
    0,
    4,
    3,
    10,
    8600,
    4651,
    1636
  ],
  [
    480179,
    null,
    0,
    54,
    41,
    130,
    1105,
    1243,
    897,
    16842,
    3463,
    0,
    7,
    63,
    1,
    2132,
    12934,
    2477,
    null,
    75,
    39,
    38,
    120,
    192,
    1219,
    21,
    41099,
    2707,
    44,
    6,
    9,
    2,
    11678,
    1531,
    2571,
    null,
    0,
    53,
    41,
    124,
    1392,
    1392,
    324,
    17842,
    4778,
    2,
    7,
    43,
    3,
    8399,
    6298,
    2974,
    null,
    0,
    41,
    35,
    139,
    1187,
    1187,
    140,
    13910,
    2642,
    0,
    6,
    54,
    4,
    11298,
    1911,
    2625,
    null,
    1,
    39,
    32,
    104,
    1208,
    1208,
    248,
    3152,
    1583,
    0,
    4,
    3,
    5,
    8657,
    6314,
    2203,
    null,
    0,
    90,
    41,
    120,
    1266,
    1463,
    859,
    11681,
    2221,
    0,
    7,
    49,
    6,
    2727,
    13159,
    2609,
    null,
    0,
    46,
    40,
    122,
    1033,
    1310,
    519,
    39216,
    3669,
    39,
    6,
    4,
    7,
    11565,
    3520,
    3399,
    null,
    0,
    64,
    55,
    114,
    1670,
    1670,
    21,
    24108,
    4312,
    0,
    7,
    64,
    8,
    11236,
    10740,
    3091,
    null,
    90,
    40,
    35,
    118,
    1038,
    1200,
    196,
    12498,
    3714,
    0,
    6,
    45,
    9,
    13760,
    3156,
    2771,
    null,
    0,
    57,
    38,
    107,
    999,
    1009,
    64,
    2899,
    2018,
    0,
    5,
    4,
    10,
    12747,
    7335,
    2139
  ],
  [
    540209,
    null,
    0,
    58,
    43,
    134,
    1143,
    1350,
    1322,
    22652,
    4141,
    0,
    8,
    78,
    1,
    3268,
    13390,
    2902,
    null,
    75,
    39,
    38,
    120,
    1219,
    1219,
    238,
    48761,
    2707,
    48,
    6,
    9,
    2,
    3961,
    10065,
    2788,
    null,
    0,
    58,
    43,
    125,
    0,
    1511,
    1299,
    23288,
    7285,
    2,
    8,
    50,
    3,
    9165,
    6154,
    3894,
    null,
    0,
    41,
    35,
    151,
    1187,
    1187,
    92,
    14367,
    3097,
    0,
    6,
    54,
    4,
    10927,
    1823,
    2827,
    null,
    1,
    39,
    32,
    104,
    1258,
    1258,
    72,
    3600,
    2029,
    0,
    4,
    3,
    5,
    8202,
    5435,
    2502,
    null,
    0,
    95,
    43,
    122,
    1130,
    1574,
    1160,
    14964,
    2421,
    0,
    8,
    59,
    6,
    3849,
    13727,
    2915,
    null,
    0,
    46,
    40,
    124,
    1441,
    1460,
    228,
    43124,
    5476,
    39,
    6,
    4,
    7,
    11146,
    7044,
    3583,
    null,
    0,
    69,
    56,
    117,
    1774,
    1774,
    539,
    26908,
    5141,
    0,
    8,
    68,
    8,
    7231,
    7280,
    3609,
    null,
    102,
    40,
    35,
    118,
    793,
    1200,
    1037,
    16197,
    4961,
    0,
    6,
    51,
    9,
    13080,
    3707,
    3612,
    null,
    0,
    57,
    38,
    107,
    1009,
    1009,
    29,
    3662,
    2781,
    0,
    5,
    4,
    10,
    11084,
    10580,
    2504
  ],
  [
    600231,
    null,
    0,
    58,
    43,
    134,
    871,
    1350,
    1578,
    27181,
    5100,
    0,
    8,
    86,
    1,
    3534,
    11391,
    3158,
    null,
    87,
    43,
    39,
    123,
    9,
    1313,
    599,
    56119,
    3623,
    52,
    7,
    14,
    2,
    4214,
    5917,
    3149,
    null,
    0,
    58,
    43,
    135,
    558,
    1517,
    169,
    25742,
    8477,
    2,
    8,
    53,
    3,
    4758,
    6874,
    4064,
    null,
    0,
    45,
    36,
    152,
    1229,
    1279,
    600,
    19348,
    3097,
    0,
    7,
    73,
    4,
    12035,
    4372,
    3335,
    null,
    2,
    90,
    81,
    124,
    905,
    1261,
    197,
    3896,
    2139,
    0,
    4,
    3,
    5,
    5226,
    7382,
    2702,
    null,
    0,
    95,
    43,
    122,
    552,
    1574,
    1491,
    18783,
    2984,
    0,
    8,
    68,
    6,
    3207,
    13042,
    3246,
    null,
    0,
    50,
    41,
    127,
    1393,
    1555,
    713,
    53393,
    7169,
    48,
    7,
    5,
    7,
    4071,
    6065,
    4068,
    null,
    0,
    70,
    56,
    117,
    1612,
    1980,
    86,
    34026,
    6218,
    0,
    8,
    79,
    8,
    14340,
    14391,
    4231,
    null,
    102,
    44,
    36,
    120,
    961,
    1289,
    1295,
    19600,
    5741,
    0,
    7,
    56,
    9,
    4659,
    7876,
    3870,
    null,
    0,
    57,
    38,
    107,
    724,
    1009,
    283,
    4818,
    3390,
    0,
    5,
    5,
    10,
    4947,
    7520,
    2764
  ],
  [
    660263,
    null,
    0,
    62,
    45,
    142,
    0,
    1460,
    61,
    30053,
    7967,
    0,
    9,
    87,
    1,
    5333,
    8256,
    4246,
    null,
    94,
    43,
    39,
    123,
    596,
    1363,
    606,
    57369,
    4310,
    52,
    7,
    14,
    2,
    5867,
    5226,
    3731,
    null,
    0,
    58,
    43,
    137,
    1517,
    1517,
    261,
    27334,
    10069,
    2,
    8,
    53,
    3,
    2918,
    5254,
    4506,
    null,
    0,
    45,
    36,
    162,
    1279,
    1279,
    198,
    22854,
    4338,
    0,
    7,
    77,
    4,
    9094,
    1286,
    3533,
    null,
    2,
    43,
    53,
    106,
    1347,
    1347,
    303,
    4615,
    2758,
    0,
    5,
    3,
    5,
    7154,
    3474,
    3283,
    null,
    0,
    125,
    70,
    124,
    0,
    1839,
    251,
    20591,
    3713,
    0,
    9,
    72,
    6,
    4409,
    8300,
    3806,
    null,
    0,
    75,
    41,
    127,
    0,
    1905,
    116,
    57822,
    10102,
    51,
    7,
    5,
    7,
    5252,
    8087,
    5396,
    null,
    0,
    55,
    38,
    120,
    990,
    2101,
    875,
    44823,
    7580,
    0,
    9,
    91,
    8,
    12211,
    1343,
    5095,
    null,
    127,
    44,
    36,
    120,
    1289,
    1289,
    459,
    22199,
    6984,
    0,
    7,
    61,
    9,
    6864,
    6846,
    4134,
    null,
    0,
    61,
    40,
    109,
    1104,
    1104,
    155,
    5591,
    3493,
    0,
    6,
    7,
    10,
    6927,
    6880,
    3060
  ],
  [
    720279,
    null,
    0,
    62,
    45,
    142,
    1460,
    1460,
    421,
    36378,
    7967,
    0,
    9,
    101,
    1,
    1836,
    13032,
    4606,
    null,
    96,
    47,
    40,
    125,
    1461,
    1461,
    1039,
    70647,
    4310,
    64,
    8,
    14,
    2,
    12941,
    5943,
    4164,
    null,
    0,
    62,
    45,
    139,
    1515,
    1642,
    586,
    33291,
    10069,
    2,
    9,
    65,
    3,
    12970,
    5851,
    4832,
    null,
    0,
    49,
    37,
    170,
    1042,
    1374,
    154,
    29936,
    5077,
    0,
    8,
    92,
    4,
    749,
    814,
    3914,
    null,
    4,
    43,
    53,
    106,
    1350,
    1350,
    485,
    4619,
    2758,
    0,
    5,
    4,
    5,
    13015,
    5807,
    3470,
    null,
    22,
    125,
    70,
    124,
    1777,
    1839,
    620,
    27530,
    3713,
    0,
    9,
    85,
    6,
    3131,
    10874,
    4175,
    null,
    0,
    79,
    43,
    214,
    1795,
    2003,
    472,
    78866,
    10102,
    61,
    8,
    5,
    7,
    3793,
    8050,
    5752,
    null,
    0,
    76,
    59,
    120,
    2104,
    2104,
    47,
    49160,
    8901,
    0,
    9,
    95,
    8,
    9867,
    9698,
    5317,
    null,
    143,
    48,
    37,
    122,
    1382,
    1382,
    154,
    26949,
    7249,
    0,
    8,
    71,
    9,
    13654,
    9591,
    4454,
    null,
    0,
    61,
    40,
    109,
    1104,
    1104,
    262,
    5591,
    3493,
    0,
    6,
    7,
    10,
    11772,
    9674,
    3242
  ],
  [
    780282,
    null,
    0,
    66,
    47,
    146,
    1574,
    1574,
    814,
    43930,
    8075,
    0,
    10,
    113,
    1,
    1713,
    12959,
    4999,
    null,
    104,
    47,
    40,
    125,
    1434,
    1461,
    1667,
    78634,
    4948,
    72,
    8,
    14,
    2,
    9895,
    2495,
    4792,
    null,
    0,
    62,
    45,
    132,
    1115,
    1703,
    978,
    37082,
    10858,
    2,
    9,
    74,
    3,
    11020,
    1412,
    5233,
    null,
    0,
    53,
    38,
    172,
    1196,
    1472,
    483,
    34724,
    5652,
    0,
    9,
    100,
    4,
    6517,
    6669,
    4243,
    null,
    4,
    72,
    65,
    107,
    1439,
    1439,
    416,
    4809,
    2947,
    0,
    6,
    4,
    5,
    2698,
    1435,
    3776,
    null,
    4,
    130,
    72,
    126,
    1865,
    1958,
    1013,
    35791,
    3911,
    0,
    10,
    97,
    6,
    2825,
    12343,
    4568,
    null,
    0,
    83,
    45,
    131,
    2105,
    2105,
    944,
    96589,
    10102,
    77,
    9,
    5,
    7,
    5794,
    11216,
    6224,
    null,
    0,
    81,
    60,
    123,
    1598,
    2302,
    532,
    55710,
    9437,
    0,
    10,
    106,
    8,
    7588,
    7285,
    5812,
    null,
    146,
    48,
    37,
    122,
    1382,
    1382,
    277,
    29078,
    9378,
    0,
    8,
    71,
    9,
    12728,
    4418,
    4577,
    null,
    0,
    61,
    40,
    109,
    1104,
    1104,
    489,
    5795,
    3693,
    0,
    6,
    8,
    10,
    8061,
    5360,
    3474
  ],
  [
    840287,
    null,
    0,
    66,
    47,
    146,
    0,
    1574,
    1041,
    47729,
    8910,
    0,
    10,
    119,
    1,
    878,
    10244,
    5226,
    null,
    143,
    47,
    40,
    125,
    1561,
    1561,
    298,
    80927,
    6478,
    72,
    8,
    15,
    2,
    1965,
    11868,
    5148,
    null,
    0,
    87,
    45,
    142,
    1706,
    1706,
    48,
    40191,
    10858,
    2,
    9,
    80,
    3,
    2783,
    10184,
    5453,
    null,
    0,
    53,
    38,
    194,
    0,
    1472,
    301,
    39475,
    7175,
    0,
    9,
    108,
    4,
    7202,
    7561,
    4561,
    null,
    4,
    88,
    79,
    127,
    1442,
    1442,
    919,
    5112,
    3109,
    0,
    6,
    6,
    5,
    2228,
    13255,
    4284,
    null,
    7,
    135,
    74,
    128,
    994,
    2081,
    1525,
    45094,
    4785,
    0,
    11,
    109,
    6,
    2722,
    12589,
    5080,
    null,
    0,
    83,
    45,
    131,
    0,
    2105,
    1547,
    102725,
    11619,
    81,
    9,
    6,
    7,
    2311,
    13268,
    6832,
    null,
    0,
    60,
    40,
    123,
    1807,
    2305,
    911,
    60746,
    9806,
    0,
    10,
    117,
    8,
    11091,
    1100,
    6191,
    null,
    157,
    52,
    38,
    124,
    213,
    1479,
    867,
    35237,
    10776,
    0,
    9,
    80,
    9,
    6757,
    7799,
    5167,
    null,
    0,
    65,
    41,
    112,
    373,
    1202,
    778,
    7000,
    4263,
    0,
    7,
    9,
    10,
    3132,
    11757,
    3763
  ]
]