Match ID: KR_7506403635
Input Data Shape: (20, 10, 15)
Input Data:
[[[0.         0.35789474 0.39506173 ... 0.03693333 0.03873333 0.11817537]
  [0.         0.23157895 0.39506173 ... 0.03953333 0.03093333 0.11817537]
  [0.         0.32631579 0.39506173 ... 0.03713333 0.023      0.11817537]
  ...
  [0.         0.23157895 0.37037037 ... 0.96686667 0.95166667 0.11817537]
  [0.         0.24210526 0.37037037 ... 0.96026667 0.94673333 0.11817537]
  [0.         0.45263158 0.39506173 ... 0.95206667 0.9466     0.11817537]]

 [[0.         0.35789474 0.39506173 ... 0.03693333 0.03873333 0.11817537]
  [0.         0.23157895 0.39506173 ... 0.03953333 0.03093333 0.11817537]
  [0.         0.32631579 0.39506173 ... 0.03713333 0.023      0.11817537]
  ...
  [0.         0.23157895 0.37037037 ... 0.96686667 0.95166667 0.11817537]
  [0.         0.24210526 0.37037037 ... 0.96026667 0.94673333 0.11817537]
  [0.         0.45263158 0.39506173 ... 0.95206667 0.9466     0.11817537]]

 [[0.         0.35789474 0.39506173 ... 0.11006667 0.4376     0.11817537]
  [0.08823529 0.23157895 0.39506173 ... 0.33406667 0.58126667 0.11817537]
  [0.         0.32631579 0.39506173 ... 0.49146667 0.39053333 0.11817537]
  ...
  [0.         0.28421053 0.43209877 ... 0.59726667 0.44886667 0.11817537]
  [0.26470588 0.24210526 0.37037037 ... 0.81353333 0.3168     0.11817537]
  [0.         0.45263158 0.39506173 ... 0.89526667 0.52693333 0.11817537]]

 ...

 [[0.         0.56842105 0.50617284 ... 0.14213333 0.86226667 0.58544079]
  [0.73529412 0.41052632 0.4691358  ... 0.77853333 0.10206667 0.60765776]
  [0.         0.55789474 0.50617284 ... 0.55993333 0.41986667 0.70290711]
  ...
  [0.         0.67368421 0.67901235 ... 0.74906667 0.716      0.73056015]
  [0.88235294 0.42105263 0.43209877 ... 0.91733333 0.2104     0.65492791]
  [0.         0.6        0.4691358  ... 0.8498     0.489      0.50555424]]

 [[0.         0.61052632 0.5308642  ... 0.21786667 0.89266667 0.68588986]
  [0.73529412 0.41052632 0.4691358  ... 0.26406667 0.671      0.65894588]
  [0.         0.61052632 0.5308642  ... 0.611      0.41026667 0.9203498 ]
  ...
  [0.         0.72631579 0.69135802 ... 0.48206667 0.48533333 0.85298984]
  [1.         0.42105263 0.43209877 ... 0.872      0.24713333 0.85369889]
  [0.         0.6        0.4691358  ... 0.73893333 0.70533333 0.59182226]]

 [[0.         0.61052632 0.5308642  ... 0.21786667 0.89266667 0.68588986]
  [0.73529412 0.41052632 0.4691358  ... 0.26406667 0.671      0.65894588]
  [0.         0.61052632 0.5308642  ... 0.611      0.41026667 0.9203498 ]
  ...
  [0.         0.72631579 0.69135802 ... 0.48206667 0.48533333 0.85298984]
  [1.         0.42105263 0.43209877 ... 0.872      0.24713333 0.85369889]
  [0.         0.6        0.4691358  ... 0.73893333 0.70533333 0.59182226]]]
Label (Final Position): [0.2714     0.40433333]
--------------------------------------------------------------------------------
