Match ID: KR_7506403635
Input Data Shape: (20, 10, 11)
Input Data:
[[[0.33258174 0.2979798  0.31685678 ... 0.03810441 0.04003859 0.11817537]
  [0.3410372  0.30555556 0.31685678 ... 0.04078685 0.03197574 0.11817537]
  [0.33258174 0.2979798  0.31685678 ... 0.03831075 0.02377507 0.11817537]
  ...
  [0.33258174 0.2979798  0.31685678 ... 0.9975239  0.98373648 0.11817537]
  [0.33821871 0.3030303  0.31685678 ... 0.99071463 0.9786369  0.11817537]
  [0.37767756 0.33838384 0.31685678 ... 0.98225463 0.97849907 0.11817537]]

 [[0.33258174 0.2979798  0.31685678 ... 0.03810441 0.04003859 0.11817537]
  [0.3410372  0.30555556 0.31685678 ... 0.04078685 0.03197574 0.11817537]
  [0.33258174 0.2979798  0.31685678 ... 0.03831075 0.02377507 0.11817537]
  ...
  [0.33258174 0.2979798  0.31685678 ... 0.9975239  0.98373648 0.11817537]
  [0.33821871 0.3030303  0.31685678 ... 0.99071463 0.9786369  0.11817537]
  [0.37767756 0.33838384 0.31685678 ... 0.98225463 0.97849907 0.11817537]]

 [[0.38331454 0.34343434 0.         ... 0.11355664 0.4523465  0.11817537]
  [0.3410372  0.30555556 0.         ... 0.34465919 0.60085452 0.11817537]
  [0.43122886 0.38636364 0.         ... 0.50705    0.40369375 0.11817537]
  ...
  [0.41431793 0.37121212 0.         ... 0.61620469 0.46399283 0.11817537]
  [0.42559188 0.38131313 0.         ... 0.8393287  0.32747571 0.11817537]
  [0.37767756 0.33838384 0.         ... 0.92365362 0.54469023 0.11817537]]

 ...

 [[0.62288613 0.62777778 0.56844106 ... 0.14664007 0.89132382 0.58544079]
  [0.10822999 0.61565657 0.01330798 ... 0.80321893 0.10550617 0.60765776]
  [0.78466742 0.7030303  0.20532319 ... 0.5776876  0.43401557 0.70290711]
  ...
  [0.94137542 0.84343434 0.01330798 ... 0.77281794 0.74012818 0.73056015]
  [0.58511838 0.60606061 0.12420786 ... 0.94641997 0.21749018 0.65492791]
  [0.56313416 0.50959596 0.04055767 ... 0.87674531 0.5054786  0.50555424]]

 [[0.64430665 0.68181818 0.83776933 ... 0.22477474 0.92274826 0.68588986]
  [0.68714769 0.61565657 0.15082383 ... 0.27243965 0.69361174 0.65894588]
  [0.         0.76313131 0.82319392 ... 0.63037348 0.42409207 0.9203498 ]
  ...
  [1.         0.8959596  0.34157161 ... 0.49735195 0.50168837 0.85298984]
  [0.4470124  0.60606061 0.65716096 ... 0.89964922 0.25546137 0.85369889]
  [0.56877114 0.50959596 0.01837769 ... 0.7623633  0.72910206 0.59182226]]

 [[0.64430665 0.68181818 0.83776933 ... 0.22477474 0.92274826 0.68588986]
  [0.68714769 0.61565657 0.15082383 ... 0.27243965 0.69361174 0.65894588]
  [0.         0.76313131 0.82319392 ... 0.63037348 0.42409207 0.9203498 ]
  ...
  [1.         0.8959596  0.34157161 ... 0.49735195 0.50168837 0.85298984]
  [0.4470124  0.60606061 0.65716096 ... 0.89964922 0.25546137 0.85369889]
  [0.56877114 0.50959596 0.01837769 ... 0.7623633  0.72910206 0.59182226]]]
Label (Final Position): []
--------------------------------------------------------------------------------
