Match ID: KR_7506403635
Input Data Shape: (600, 10, 15)
Input Data:
[[[0.         0.35789474 0.39506173 ... 0.03693333 0.03873333 0.11817537]
  [0.         0.23157895 0.39506173 ... 0.03953333 0.03093333 0.11817537]
  [0.         0.32631579 0.39506173 ... 0.03713333 0.023      0.11817537]
  ...
  [0.         0.23157895 0.37037037 ... 0.96686667 0.95166667 0.11817537]
  [0.         0.24210526 0.37037037 ... 0.96026667 0.94673333 0.11817537]
  [0.         0.45263158 0.39506173 ... 0.95206667 0.9466     0.11817537]]

 [[0.         0.35789474 0.39506173 ... 0.03693333 0.03873333 0.11817537]
  [0.         0.23157895 0.39506173 ... 0.03953333 0.03093333 0.11817537]
  [0.         0.32631579 0.39506173 ... 0.03713333 0.023      0.11817537]
  ...
  [0.         0.23157895 0.37037037 ... 0.96686667 0.95166667 0.11817537]
  [0.         0.24210526 0.37037037 ... 0.96026667 0.94673333 0.11817537]
  [0.         0.45263158 0.39506173 ... 0.95206667 0.9466     0.11817537]]

 [[0.         0.35789474 0.39506173 ... 0.03693333 0.03873333 0.11817537]
  [0.         0.23157895 0.39506173 ... 0.03953333 0.03093333 0.11817537]
  [0.         0.32631579 0.39506173 ... 0.03713333 0.023      0.11817537]
  ...
  [0.         0.23157895 0.37037037 ... 0.96686667 0.95166667 0.11817537]
  [0.         0.24210526 0.37037037 ... 0.96026667 0.94673333 0.11817537]
  [0.         0.45263158 0.39506173 ... 0.95206667 0.9466     0.11817537]]

 ...

 [[0.         0.61052632 0.5308642  ... 0.2356     0.7594     0.74639565]
  [0.85294118 0.45263158 0.48148148 ... 0.28093333 0.39446667 0.74426849]
  [0.         0.61052632 0.5308642  ... 0.3172     0.45826667 0.96052943]
  ...
  [0.         0.73684211 0.69135802 ... 0.956      0.9594     1.        ]
  [1.         0.46315789 0.44444444 ... 0.3106     0.52506667 0.91467738]
  [0.         0.6        0.4691358  ... 0.3298     0.50133333 0.65327346]]

 [[0.         0.61052632 0.5308642  ... 0.2356     0.7594     0.74639565]
  [0.85294118 0.45263158 0.48148148 ... 0.28093333 0.39446667 0.74426849]
  [0.         0.61052632 0.5308642  ... 0.3172     0.45826667 0.96052943]
  ...
  [0.         0.73684211 0.69135802 ... 0.956      0.9594     1.        ]
  [1.         0.46315789 0.44444444 ... 0.3106     0.52506667 0.91467738]
  [0.         0.6        0.4691358  ... 0.3298     0.50133333 0.65327346]]

 [[0.         0.61052632 0.5308642  ... 0.2356     0.7594     0.74639565]
  [0.85294118 0.45263158 0.48148148 ... 0.28093333 0.39446667 0.74426849]
  [0.         0.61052632 0.5308642  ... 0.3172     0.45826667 0.96052943]
  ...
  [0.         0.73684211 0.69135802 ... 0.956      0.9594     1.        ]
  [1.         0.46315789 0.44444444 ... 0.3106     0.52506667 0.91467738]
  [0.         0.6        0.4691358  ... 0.3298     0.50133333 0.65327346]]]
Label (Final Position): [0.2714     0.40433333]
--------------------------------------------------------------------------------
